package br.upe.ia.geo;

public class Froneteira {

	public int[][] SetDistancias() {

		int[][] distancias = { { 0, 39, 19, 11, 41, 23, 28, 25, 23, 26, 42, 45, 8 },
				{ 39, 0, 32, 49, 4, 20, 19, 27, 50, 35, 15, 35, 34 },
				{ 19, 32, 0, 18, 36, 25, 14, 8, 19, 8, 40, 27, 20 },
				{ 11, 49, 18, 0, 56, 33, 35, 30, 17, 28, 52, 48, 18 },
				{ 41, 4, 36, 56, 0, 23, 19, 26, 51, 35, 19, 32, 36 },
				{ 23, 20, 25, 33, 23, 0, 21, 25, 41, 32, 22, 42, 16 },
				{ 28, 19, 14, 35, 19, 21, 0, 10, 33, 19, 31, 22, 26 },
				{ 25, 27, 8, 30, 26, 25, 10, 0, 26, 9, 37, 20, 25 },
				{ 23, 50, 19, 17, 51, 41, 33, 26, 0, 19, 58, 38, 29 },
				{ 26, 35, 8, 28, 35, 32, 19, 9, 19, 0, 49, 21, 28 },
				{ 42, 15, 40, 52, 19, 22, 31, 37, 58, 49, 0, 49, 35 },
				{ 45, 35, 27, 48, 32, 42, 22, 20, 38, 21, 49, 0, 45 },
				{ 8, 34, 20, 18, 36, 16, 26, 25, 29, 28, 35, 45, 0 } };

		return distancias;
	}


}
